160%
10620
10705
10807
10907
11004
11107
11207
11301
11403
11503
11619
11703
11809
11907
12004
12106
12304
12403
12606
12703
12805
12907
13015
13118
13210
13311
13404
13504
13609
13704
13903
14002
14111
14207
14403
14606
14802
14904
15005
15216
15304
15409
15612
15704
15901
16203
16308
16605
16707
16803
16910
17002
17304
17405
17505
17704
18006
18407
18606
18705
18905
19014
19108
19202
19302
19505
19607
19904
20601
50112
50206
50308
50401
50502
50610
50701
50805
50905
51005
51101
51202
51307
51402
51502
51806
51908
52006
52105
52205
52303
52405
52503
52605
52702
52803
52906
53002
53103
53202
53305
53402
53504
53609
53703
53805
53902
54003
54102
54202
54307
54403
54504
54605
54802
56703
56801
59702
59802