160%
13118
59901
52108
15009
14111
11107
50108
13015
51015
16707
52011
15710
13311
53503
15204
19605
54307
11812
14603
19015
50308
13210
51808
19509
52414
10915
10620
51306
53608
52306
53204
11607
11212
15412
53002
53308
19906
14206
51504
51208
52506
17504
13705
16311
16910
54402
54505
14002
53107
12304
16607
12912
17407
13609
17309
52802
54002
20601
54605
51904
52906
18704
10809
12106
15611
18408
16203
11010
10506
14404
50905
17708
52204
53904
15304
50401
50802
54804
12812
50701
19108
59702
53805
14904
11404
19202
54102
13404
52605
53702
54203
56704
18606
12703
11907
19304
10705
12008
17002
12608
18004
56801
11304
50604
11502
12405
52710
13504
51402
53405
16803
14802
13903
59802
50206
17106
11703
15901
18905
50502
51108
