160%
10620
10708
10807
10903
11010
11115
11214
11301
11403
11503
11610
11703
11807
11903
12004
12103
12305
12406
12603
12703
12809
12912
13015
13118
13204
13313
13404
13504
13609
13703
13903
14002
14104
14209
14404
14604
14802
14905
15013
15211
15304
15409
15610
15710
15901
16203
16304
16603
16711
16803
16910
17002
17308
17407
17503
17702
18006
18405
18606
18705
18905
19009
19108
19202
19304
19505
19604
19905
20601
50108
50202
50310
50401
50502
50605
50701
50803
50905
51007
51101
51202
51307
51402
51504
51802
51908
52007
52102
52204
52304
52414
52503
52605
52703
52806
52906
53002
53105
53204
53305
53402
53504
53606
53704
53805
53902
54007
54102
54203
54308
54403
54503
54602
54802
56703
56801
59702
59802