10504
10613
10703
10806
10911
11004
11105
11205
11502
11606
11703
11807
11905
12005
12103
12304
12403
12603
12706
12809
13008
13117
13204
13310
13404
13504
13604
13704
13903
14002
14103
14207
14403
14602
14904
15015
15212
15304
15402
15610
15704
15901
16203
16308
16610
16703
16906
17002
17305
17405
17512
17702
18405
18606
18704
19002
19102
19204
19305
19505
19603
19906
20601
50106
50202
50305
50502
50610
50802
50905
51005
51208
51304
51402
51502
51802
51905
52007
52102
52202
52304
52408
52608
52703
52806
52905
53002
53103
53204
53306
53402
53503
53605
53802
53903
54004
54102
54202
54302
54403
54505
54605
54803