160%
10504
10613
10704
10801
10903
11004
11108
11205
11301
11403
11503
11608
11703
11809
11905
12005
12103
12305
12403
12603
12706
12805
12912
13018
13110
13202
13308
13404
13504
13611
13703
13903
14002
14107
14208
14402
14604
14802
14904
15012
15209
15304
15412
15612
15710
15901
16203
16303
16603
16706
16803
17002
17304
17405
17512
17708
18006
18405
18606
18708
18905
19009
19102
19202
19305
19505
19605
19904
50105
50202
50306
50401
50502
50610
50701
50805
50905
51007
51101
51202
51307
51402
51502
51802
51908
52002
52105
52202
52304
52403
52503
52608
52709
52802
52906
53002
53103
53204
53305
53402
53502
53605
53704
53802
53902
54007
54102
54203
54308
54403
54503
54605
54802
56703
56801
59702
59802