160%
10620
10705
10809
10915
11010
11107
11212
11301
11403
11503
11611
11703
11812
11907
12011
12106
12303
12403
12606
12706
12806
12912
13011
13118
13204
13313
13404
13504
13609
13704
13903
14002
14111
14206
14403
14602
14802
14904
15015
15216
15304
15412
15611
15710
16203
16307
16611
16710
16803
16910
17002
17106
17309
17407
17518
17704
18006
18404
18606
18704
18905
19009
19109
19202
19305
19508
19613
19906
20601
50108
50204
50308
50401
50502
50604
50701
50802
50905
51015
51101
51202
51305
51402
51504
51808
51904
52011
52105
52204
52302
52414
52503
52602
52710
52806
52905
53002
53107
53202
53304
53405
53503
53606
53702
53802
53903
54002
54102
54203
54307
54402
54504
54603
54802
56703
56801
59702
59802
59901